date	year	month	eR_Market
1952-01	1952	01	.01427604
1952-02	1952	02	-.02651709
1952-03	1952	03	.04301318
1952-04	1952	04	-.0507047
1952-05	1952	05	.03145841
1952-06	1952	06	.03724095
1952-07	1952	07	.00914428
1952-08	1952	08	-.00751695
1952-09	1952	09	-.02027199
1952-10	1952	10	-.00681365
1952-11	1952	11	.05717506
1952-12	1952	12	.02893049
1953-01	1953	01	-.00309985
1953-02	1953	02	-.00259974
1953-03	1953	03	-.01488362
1953-04	1953	04	-.02835346
1953-05	1953	05	.00547565
1953-06	1953	06	-.01935154
1953-07	1953	07	.02387643
1953-08	1953	08	-.04617305
1953-09	1953	09	.00209445
1953-10	1953	10	.04443874
1953-11	1953	11	.02759339
1953-12	1953	12	.00029957
1954-01	1954	01	.04978382
1954-02	1954	02	.0164523
1954-03	1954	03	.03572509
1954-04	1954	04	.04148917
1954-05	1954	05	.03032027
1954-06	1954	06	.01053792
1954-07	1954	07	.04838552
1954-08	1954	08	-.02346149
1954-09	1954	09	.06151167
1954-10	1954	10	-.01682914
1954-11	1954	11	.08951507
1954-12	1954	12	.05312016
1955-01	1955	01	.00617593
1955-02	1955	02	.02953261
1955-03	1955	03	-.00169975
1955-04	1955	04	.03059606
1955-05	1955	05	.00904624
1955-06	1955	06	.06310142
1955-07	1955	07	.01880313
1955-08	1955	08	.00219408
1955-09	1955	09	-.00370093
1955-10	1955	10	-.02701363
1955-11	1955	11	.06754762
1955-12	1955	12	.01466534
1956-01	1956	01	-.03059706
1956-02	1956	02	.03684163
1956-03	1956	03	.06391426
1956-04	1956	04	.00279079
1956-05	1956	05	-.05316969
1956-06	1956	06	.03404459
1956-07	1956	07	.04706866
1956-08	1956	08	-.03277651
1956-09	1956	09	-.05267071
1956-10	1956	10	.00507439
1956-11	1956	11	.00358638
1956-12	1956	12	.03103765
1957-01	1957	01	-.03625314
1957-02	1957	02	-.02086664
1957-03	1957	03	.02102847
1957-04	1957	04	.04152001
1957-05	1957	05	.0337353
1957-06	1957	06	-.00751017
1957-07	1957	07	.00645965
1957-08	1957	08	-.05231758
1957-09	1957	09	-.0616038
1957-10	1957	10	-.04382197
1957-11	1957	11	.02248172
1957-12	1957	12	-.03989133
1958-01	1958	01	.04570832
1958-02	1958	02	-.01519679
1958-03	1958	03	.03234174
1958-04	1958	04	.03031131
1958-05	1958	05	.02281242
1958-06	1958	06	.02887042
1958-07	1958	07	.04293428
1958-08	1958	08	.0188143
1958-09	1958	09	.04546237
1958-10	1958	10	.02523296
1958-11	1958	11	.0295268
1958-12	1958	12	.04992037
1959-01	1959	01	.00715922
1959-02	1959	02	.00943731
1959-03	1959	03	.00259093
1959-04	1959	04	.03587565
1959-05	1959	05	.01701664
1959-06	1959	06	-.00259689
1959-07	1959	07	.0309379
1959-08	1959	08	-.01397078
1959-09	1959	09	-.04903444
1959-10	1959	10	.01258252
1959-11	1959	11	.01563614
1959-12	1959	12	.02412365
1960-01	1960	01	-.07221601
1960-02	1960	02	.01130292
1960-03	1960	03	-.01647782
1960-04	1960	04	-.0172149
1960-05	1960	05	.03054497
1960-06	1960	06	.02073329
1960-07	1960	07	-.02395384
1960-08	1960	08	.02960629
1960-09	1960	09	-.06166725
1960-10	1960	10	-.00721013
1960-11	1960	11	.04567985
1960-12	1960	12	.04585722
1961-01	1961	01	.05994921
1961-02	1961	02	.03502934
1961-03	1961	03	.02843421
1961-04	1961	04	.00299043
1961-05	1961	05	.02357693
1961-06	1961	06	-.03122086
1961-07	1961	07	.0278575
1961-08	1961	08	.02543763
1961-09	1961	09	-.0216972
1961-10	1961	10	.0254251
1961-11	1961	11	.04347449
1961-12	1961	12	-.0017982
1962-01	1962	01	-.03947613
1962-02	1962	02	.01790266
1962-03	1962	03	-.00680956
1962-04	1962	04	-.06801693
1962-05	1962	05	-.09024521
1962-06	1962	06	-.08842773
1962-07	1962	07	.06074781
1962-08	1962	08	.02102847
1962-09	1962	09	-.05349636
1962-10	1962	10	-.00059862
1962-11	1962	11	.10299244
1962-12	1962	12	.01012516
1963-01	1963	01	.0480061
1963-02	1963	02	-.02403185
1963-03	1963	03	.03026663
1963-04	1963	04	.04400496
1963-05	1963	05	.0174055
1963-06	1963	06	-.02015588
1963-07	1963	07	-.00389708
1963-08	1963	08	.04933627
1963-09	1963	09	-.01568029
1963-10	1963	10	.02501115
1963-11	1963	11	-.00851325
1963-12	1963	12	.0180826
1964-01	1964	01	.02208727
1964-02	1964	02	.01534152
1964-03	1964	03	.01395855
1964-04	1964	04	.00109622
1964-05	1964	05	.01396546
1964-06	1964	06	.01258252
1964-07	1964	07	.0171992
1964-08	1964	08	-.01446389
1964-09	1964	09	.02647141
1964-10	1964	10	.0058657
1964-11	1964	11	7.088e-11
1964-12	1964	12	.00029903
1965-01	1965	01	.03478867
1965-02	1965	02	.00437725
1965-03	1965	03	-.01344187
1965-04	1965	04	.03053297
1965-05	1965	05	-.00770582
1965-06	1965	06	-.05636738
1965-07	1965	07	.01415515
1965-08	1965	08	.02684659
1965-09	1965	09	.02811272
1965-10	1965	10	.02558943
1965-11	1965	11	-.000299
1965-12	1965	12	.01001645
1966-01	1966	01	.00704822
1966-02	1966	02	-.01223196
1966-03	1966	03	-.02532292
1966-04	1966	04	.02110324
1966-05	1966	05	-.05801996
1966-06	1966	06	-.01455046
1966-07	1966	07	-.01627522
1966-08	1966	08	-.08205316
1966-09	1966	09	-.0106139
1966-10	1966	10	.03770714
1966-11	1966	11	.01374966
1966-12	1966	12	.00129398
1967-01	1967	01	.07802626
1967-02	1967	02	.0076431
1967-03	1967	03	.03897549
1967-04	1967	04	.03804302
1967-05	1967	05	-.0440124
1967-06	1967	06	.02375081
1967-07	1967	07	.04464244
1967-08	1967	08	-.00891209
1967-09	1967	09	.03052998
1967-10	1967	10	-.03126361
1967-11	1967	11	.00358067
1967-12	1967	12	.03004349
1968-01	1968	01	-.04117481
1968-02	1968	02	-.03806987
1968-03	1968	03	.00199045
1968-04	1968	04	.08618957
1968-05	1968	05	.02234675
1968-06	1968	06	.00684696
1968-07	1968	07	-.02744321
1968-08	1968	08	.01325571
1968-09	1968	09	.03924752
1968-10	1968	10	.00417288
1968-11	1968	11	.05275608
1968-12	1968	12	-.04002159
1969-01	1969	01	-.01251205
1969-02	1969	02	-.05978509
1969-03	1969	03	.02593975
1969-04	1969	04	.01441858
1969-05	1969	05	-.00099572
1969-06	1969	06	-.07400848
1969-07	1969	07	-.07217395
1969-08	1969	08	.04561051
1969-09	1969	09	-.0300638
1969-10	1969	10	.04897949
1969-11	1969	11	-.03843312
1969-12	1969	12	-.02648028
1970-01	1970	01	-.08383551
1970-02	1970	02	.04972677
1970-03	1970	03	-.01059586
1970-04	1970	04	-.11580737
1970-05	1970	05	-.07131898
1970-06	1970	06	-.05928951
1970-07	1970	07	.06666891
1970-08	1970	08	.04369461
1970-09	1970	09	.04073446
1970-10	1970	10	-.02295711
1970-11	1970	11	.04467679
1970-12	1970	12	.0554918
1971-01	1971	01	.04709041
1971-02	1971	02	.01395579
1971-03	1971	03	.04025553
1971-04	1971	04	.03092878
1971-05	1971	05	-.04049383
1971-06	1971	06	-.00099681
1971-07	1971	07	-.04585622
1971-08	1971	08	.03693269
1971-09	1971	09	-.00860522
1971-10	1971	10	-.04503614
1971-11	1971	11	-.00459358
1971-12	1971	12	.0832182
1972-01	1972	01	.02442749
1972-02	1972	02	.02822629
1972-03	1972	03	.00626338
1972-04	1972	04	.00288744
1972-05	1972	05	.01238559
1972-06	1972	06	-.0245281
1972-07	1972	07	-.00800725
1972-08	1972	08	.0319886
1972-09	1972	09	-.0114264
1972-10	1972	10	.00516592
1972-11	1972	11	.04481124
1972-12	1972	12	.00615814
1973-01	1973	01	-.03330436
1973-02	1973	02	-.04940284
1973-03	1973	03	-.01302493
1973-04	1973	04	-.05816545
1973-05	1973	05	-.02968716
1973-06	1973	06	-.01564255
1973-07	1973	07	.04886587
1973-08	1973	08	-.03887916
1973-09	1973	09	.04610005
1973-10	1973	10	-.00858117
1973-11	1973	11	-.13557917
1973-12	1973	12	.00574657
1974-01	1974	01	-.00169079
1974-02	1974	02	-.00468385
1974-03	1974	03	-.02834137
1974-04	1974	04	-.05393489
1974-05	1974	05	-.04746102
1974-06	1974	06	-.02853448
1974-07	1974	07	-.08331685
1974-08	1974	08	-.09754927
1974-09	1974	09	-.12426416
1974-10	1974	10	.14857781
1974-11	1974	11	-.04589502
1974-12	1974	12	-.03486082
1975-01	1975	01	.1274356
1975-02	1975	02	.05388378
1975-03	1975	03	.02614657
1975-04	1975	04	.04125201
1975-05	1975	05	.05028721
1975-06	1975	06	.04688663
1975-07	1975	07	-.06772832
1975-08	1975	08	-.02877388
1975-09	1975	09	-.04329945
1975-10	1975	10	.05145736
1975-11	1975	11	.02604954
1975-12	1975	12	-.01605171
1976-01	1976	01	.11424894
1976-02	1976	02	.00318408
1976-03	1976	03	.02294198
1976-04	1976	04	-.01494886
1976-05	1976	05	-.01354151
1976-06	1976	06	.0395347
1976-07	1976	07	-.01070706
1976-08	1976	08	-.00559219
1976-09	1976	09	.02030226
1976-10	1976	10	-.02449843
1976-11	1976	11	.00347999
1976-12	1976	12	.05474848
1977-01	1977	01	-.04119157
1977-02	1977	02	-.01952165
1977-03	1977	03	-.01374213
1977-04	1977	04	.00139373
1977-05	1977	05	-.01455192
1977-06	1977	06	.04584521
1977-07	1977	07	-.01697254
1977-08	1977	08	-.01757691
1977-09	1977	09	-.00269206
1977-10	1977	10	-.04456485
1977-11	1977	11	.03902934
1977-12	1977	12	.00258398
1978-01	1978	01	-.06167005
1978-02	1978	02	-.01383203
1978-03	1978	03	.02795533
1978-04	1978	04	.07536468
1978-05	1978	05	.01735915
1978-06	1978	06	-.01695211
1978-07	1978	07	.04956647
1978-08	1978	08	.03661625
1978-09	1978	09	-.01431384
1978-10	1978	10	-.12589841
1978-11	1978	11	.02655587
1978-12	1978	12	.00869399
1979-01	1979	01	.04111966
1979-02	1979	02	-.03598165
1979-03	1979	03	.05481352
1979-04	1979	04	-.00069469
1979-05	1979	05	-.02216407
1979-06	1979	06	.03747944
1979-07	1979	07	.00810441
1979-08	1979	08	.05333052
1979-09	1979	09	-.00816575
1979-10	1979	10	-.08370925
1979-11	1979	11	.05030261
1979-12	1979	12	.01757618
1980-01	1980	01	.053221
1980-02	1980	02	-.01216609
1980-03	1980	03	-.13634421
1980-04	1980	04	.03836193
1980-05	1980	05	.0508617
1980-06	1980	06	.02996112
1980-07	1980	07	.06255954
1980-08	1980	08	.01772747
1980-09	1980	09	.02160123
1980-10	1980	10	.0104455
1980-11	1980	11	.09074351
1980-12	1980	12	-.04574476
1981-01	1981	01	-.05116829
1981-02	1981	02	.00552542
1981-03	1981	03	.03447445
1981-04	1981	04	-.02109551
1981-05	1981	05	.0010869
1981-06	1981	06	-.02356104
1981-07	1981	07	-.01532826
1981-08	1981	08	-.07193813
1981-09	1981	09	-.07345475
1981-10	1981	10	.04746719
1981-11	1981	11	.03260788
1981-12	1981	12	-.03685611
1982-01	1982	01	-.03267078
1982-02	1982	02	-.05971466
1982-03	1982	03	-.01869213
1982-04	1982	04	.03182286
1982-05	1982	05	-.04028203
1982-06	1982	06	-.03108433
1982-07	1982	07	-.03207756
1982-08	1982	08	.10486417
1982-09	1982	09	.01275288
1982-10	1982	10	.1064634
1982-11	1982	11	.04545796
1982-12	1982	12	.00544853
1983-01	1983	01	.0350331
1983-02	1983	02	.0254147
1983-03	1983	03	.02763798
1983-04	1983	04	.06412885
1983-05	1983	05	.00515108
1983-06	1983	06	.03003993
1983-07	1983	07	-.04123983
1983-08	1983	08	-.00497464
1983-09	1983	09	.00908918
1983-10	1983	10	-.03473693
1983-11	1983	11	.02122304
1983-12	1983	12	-.017829
1984-01	1984	01	-.01934025
1984-02	1984	02	-.0490434
1984-03	1984	03	.00623487
1984-04	1984	04	-.00507186
1984-05	1984	05	-.06106503
1984-06	1984	06	.01790329
1984-07	1984	07	-.02755328
1984-08	1984	08	.09708477
1984-09	1984	09	-.00796341
1984-10	1984	10	-.00845145
1984-11	1984	11	-.0176269
1984-12	1984	12	.01811787
1985-01	1985	01	.07629846
1985-02	1985	02	.01205667
1985-03	1985	03	-.00838328
1985-04	1985	04	-.00957709
1985-05	1985	05	.04932932
1985-06	1985	06	.01264964
1985-07	1985	07	-.00738158
1985-08	1985	08	-.01019601
1985-09	1985	09	-.04617926
1985-10	1985	10	.03916339
1985-11	1985	11	.06241795
1985-12	1985	12	.03782496
1986-01	1986	01	.006443
1986-02	1986	02	.06852192
1986-03	1986	03	.0473691
1986-04	1986	04	-.0131179
1986-05	1986	05	.0449492
1986-06	1986	06	.01029304
1986-07	1986	07	-.06631752
1986-08	1986	08	.058667
1986-09	1986	09	-.08950329
1986-10	1986	10	.04534292
1986-11	1986	11	.01158716
1986-12	1986	12	-.03308177
1987-01	1987	01	.11696392
1987-02	1987	02	.04278362
1987-03	1987	03	.01619149
1987-04	1987	04	-.02112967
1987-05	1987	05	.00099572
1987-06	1987	06	.03846253
1987-07	1987	07	.0376076
1987-08	1987	08	.03443557
1987-09	1987	09	-.0261222
1987-10	1987	10	-.2626824
1987-11	1987	11	-.08059094
1987-12	1987	12	.06572693
1988-01	1988	01	.04121677
1988-02	1988	02	.04619871
1988-03	1988	03	-.02285986
1988-04	1988	04	.00555888
1988-05	1988	05	-.00288946
1988-06	1988	06	.04656525
1988-07	1988	07	-.01251455
1988-08	1988	08	-.03345943
1988-09	1988	09	.03227033
1988-10	1988	10	.01136544
1988-11	1988	11	-.02303346
1988-12	1988	12	.01469817
1989-01	1989	01	.05889733
1989-02	1989	02	-.02261744
1989-03	1989	03	.01547515
1989-04	1989	04	.04211251
1989-05	1989	05	.032697
1989-06	1989	06	-.01349548
1989-07	1989	07	.06905907
1989-08	1989	08	.01419302
1989-09	1989	09	-.00757957
1989-10	1989	10	-.03723619
1989-11	1989	11	.01007914
1989-12	1989	12	.01146371
1990-01	1990	01	-.0812698
1990-02	1990	02	.01097663
1990-03	1990	03	.01802028
1990-04	1990	04	-.03393922
1990-05	1990	05	.08031773
1990-06	1990	06	-.01099132
1990-07	1990	07	-.01905202
1990-08	1990	08	-.10628816
1990-09	1990	09	-.06276409
1990-10	1990	10	-.01925451
1990-11	1990	11	.06113336
1990-12	1990	12	.02415908
1991-01	1991	01	.04560164
1991-02	1991	02	.06901941
1991-03	1991	03	.02604186
1991-04	1991	04	-.00268938
1991-05	1991	05	.0356849
1991-06	1991	06	-.05054933
1991-07	1991	07	.04132739
1991-08	1991	08	.02283114
1991-09	1991	09	-.01595378
1991-10	1991	10	.01276424
1991-11	1991	11	-.0425293
1991-12	1991	12	.10245732
1992-01	1992	01	-.00589736
1992-02	1992	02	.01081092
1992-03	1992	03	-.02686759
1992-04	1992	04	.01070802
1992-05	1992	05	.00298716
1992-06	1992	06	-.0236017
1992-07	1992	07	.03689444
1992-08	1992	08	-.02402457
1992-09	1992	09	.01179925
1992-10	1992	10	.01002639
1992-11	1992	11	.04037892
1992-12	1992	12	.01514206
1993-01	1993	01	.00933472
1993-02	1993	02	.00129631
1993-03	1993	03	.02278093
1993-04	1993	04	-.03089948
1993-05	1993	05	.02833162
1993-06	1993	06	.0030875
1993-07	1993	07	-.00339763
1993-08	1993	08	.03643533
1993-09	1993	09	-.00119761
1993-10	1993	10	.013971
1993-11	1993	11	-.01903285
1993-12	1993	12	.01622995
1994-01	1994	01	.02822629
1994-02	1994	02	-.02577592
1994-03	1994	03	-.04884502
1994-04	1994	04	.0067588
1994-05	1994	05	.00566574
1994-06	1994	06	-.03067197
1994-07	1994	07	.02763612
1994-08	1994	08	.03917473
1994-09	1994	09	-.02328382
1994-10	1994	10	.01326096
1994-11	1994	11	-.04108356
1994-12	1994	12	.00862459
1995-01	1995	01	.01766813
1995-02	1995	02	.03542098
1995-03	1995	03	.02156551
1995-04	1995	04	.02088746
1995-05	1995	05	.02843608
1995-06	1995	06	.02671277
1995-07	1995	07	.03636409
1995-08	1995	08	.00545934
1995-09	1995	09	.03281231
1995-10	1995	10	-.0152445
1995-11	1995	11	.03858089
1995-12	1995	12	.0101976
1996-01	1996	01	.02225377
1996-02	1996	02	.01316134
1996-03	1996	03	.00724533
1996-04	1996	04	.02029826
1996-05	1996	05	.02332668
1996-06	1996	06	-.01141954
1996-07	1996	07	-.06127192
1996-08	1996	08	.02721323
1996-09	1996	09	.04867638
1996-10	1996	10	.0086263
1996-11	1996	11	.0603844
1996-12	1996	12	-.01706697
1997-01	1997	01	.04848198
1997-02	1997	02	-.00489292
1997-03	1997	03	-.05138239
1997-04	1997	04	.03943898
1997-05	1997	05	.06491784
1997-06	1997	06	.04003659
1997-07	1997	07	.07044556
1997-08	1997	08	-.04220894
1997-09	1997	09	.05189546
1997-10	1997	10	-.03847214
1997-11	1997	11	.02934892
1997-12	1997	12	.0130514
1998-01	1998	01	.00139303
1998-02	1998	02	.06768378
1998-03	1998	03	.0464204
1998-04	1998	04	.00724246
1998-05	1998	05	-.0309522
1998-06	1998	06	.031179
1998-07	1998	07	-.02480716
1998-08	1998	08	-.17448615
1998-09	1998	09	.05941768
1998-10	1998	10	.06866055
1998-11	1998	11	.05894019
1998-12	1998	12	.05946365
1999-01	1999	01	.03428347
1999-02	1999	02	-.04150733
1999-03	1999	03	.03377542
1999-04	1999	04	.04233127
1999-05	1999	05	-.02482218
1999-06	1999	06	.04641588
1999-07	1999	07	-.03518027
1999-08	1999	08	-.01384175
1999-09	1999	09	-.02839005
1999-10	1999	10	.05927016
1999-11	1999	11	.03302765
1999-12	1999	12	.07405108
2000-01	2000	01	-.04825252
2000-02	2000	02	.02410229
2000-03	2000	03	.05046185
2000-04	2000	04	-.06582676
2000-05	2000	05	-.04508063
2000-06	2000	06	.04517902
2000-07	2000	07	-.02468515
2000-08	2000	08	.0686346
2000-09	2000	09	-.05564377
2000-10	2000	10	-.02793224
2000-11	2000	11	-.11289498
2000-12	2000	12	.01177124
2001-01	2001	01	.03056065
2001-02	2001	02	-.1058144
2001-03	2001	03	-.07513475
2001-04	2001	04	.07621183
2001-05	2001	05	.00725037
2001-06	2001	06	-.01943373
2001-07	2001	07	-.02146503
2001-08	2001	08	-.06656763
2001-09	2001	09	-.09688702
2001-10	2001	10	.02434697
2001-11	2001	11	.07257369
2001-12	2001	12	.01584976
2002-01	2002	01	-.01448426
2002-02	2002	02	-.02313585
2002-03	2002	03	.04147294
2002-04	2002	04	-.05331862
2002-05	2002	05	-.01387654
2002-06	2002	06	-.07473043
2002-07	2002	07	-.08520663
2002-08	2002	08	.00498059
2002-09	2002	09	-.1090956
2002-10	2002	10	.0752842
2002-11	2002	11	.05782406
2002-12	2002	12	-.05925831
2003-01	2003	01	-.02600966
2003-02	2003	02	-.01906357
2003-03	2003	03	.01083025
2003-04	2003	04	.07892013
2003-05	2003	05	.0586892
2003-06	2003	06	.01408614
2003-07	2003	07	.02311442
2003-08	2003	08	.02311442
2003-09	2003	09	-.01236632
2003-10	2003	10	.05898325
2003-11	2003	11	.01340037
2003-12	2003	12	.04206822
2004-01	2004	01	.02125741
2004-02	2004	02	.01389463
2004-03	2004	03	-.01337712
2004-04	2004	04	-.01845462
2004-05	2004	05	.01172393
2004-06	2004	06	.01841454
2004-07	2004	07	-.04150905
2004-08	2004	08	.0007988
2004-09	2004	09	.01595436
2004-10	2004	10	.01418323
2004-11	2004	11	.04433454
2004-12	2004	12	.03367189
2005-01	2005	01	-.02784003
2005-02	2005	02	.01869398
2005-03	2005	03	-.01975273
2005-04	2005	04	-.02639049
2005-05	2005	05	.03576534
2005-06	2005	06	.0055716
2005-07	2005	07	.03836087
2005-08	2005	08	-.01223809
2005-09	2005	09	.0047747
2005-10	2005	10	-.02014776
2005-11	2005	11	.0354522
2005-12	2005	12	-.00249514
2006-01	2006	01	.02984417
2006-02	2006	02	-.00299431
2006-03	2006	03	.0144414
2006-04	2006	04	.00714856
2006-05	2006	05	-.03619433
2006-06	2006	06	-.00349215
2006-07	2006	07	-.00779926
2006-08	2006	08	.02001348
2006-09	2006	09	.01815899
2006-10	2006	10	.03166155
2006-11	2006	11	.01688512
2006-12	2006	12	.00862801
2007-01	2007	01	.01394061
2007-02	2007	02	-.01961735
2007-03	2007	03	.00674807
2007-04	2007	04	.03415706
2007-05	2007	05	.03175804
2007-06	2007	06	-.01971498
2007-07	2007	07	-.03796254
2007-08	2007	08	.00911981
2007-09	2007	09	.03168951
2007-10	2007	10	.01778351
2007-11	2007	11	-.04922877
2007-12	2007	12	-.00861384
2008-01	2008	01	-.06546367
2008-02	2008	02	-.03134608
2008-03	2008	03	-.00942835
2008-04	2008	04	.04489434
2008-05	2008	05	.01839632
2008-06	2008	06	-.08801926
2008-07	2008	07	-.00771818
2008-08	2008	08	.01516457
2008-09	2008	09	-.09679906
2008-10	2008	10	-.18893812
2008-11	2008	11	-.08183544
2008-12	2008	12	.01644904
2009-01	2009	01	-.08468681
2009-02	2009	02	-.10634979
2009-03	2009	03	.08570245
2009-04	2009	04	.09702671
2009-05	2009	05	.05078817
2009-06	2009	06	.00429035
2009-07	2009	07	.07435792
2009-08	2009	08	.03265757
2009-09	2009	09	.03998573
2009-10	2009	10	-.02624131
2009-11	2009	11	.05410933
2009-12	2009	12	.02712599
2010-01	2010	01	-.03417745
2010-02	2010	02	.03343478
2010-03	2010	03	.06127729
2010-04	2010	04	.01980263
2010-05	2010	05	-.0821781
2010-06	2010	06	-.05719958
2010-07	2010	07	.06690424
2010-08	2010	08	-.04887016
2010-09	2010	09	.09111089
2010-10	2010	10	.03806247
2010-11	2010	11	.00598148
2010-12	2010	12	.06596861
2011-01	2011	01	.01989869
2011-02	2011	02	.03430143
2011-03	2011	03	.00478804
2011-04	2011	04	.02858746
2011-05	2011	05	-.01278133
2011-06	2011	06	-.01765494
2011-07	2011	07	-.02367813
2011-08	2011	08	-.06186902
2011-09	2011	09	-.07904321
2011-10	2011	10	.1074184
2011-11	2011	11	-.00260339
2011-12	2011	12	.00737275
2012-01	2012	01	.04936143
2012-02	2012	02	.0433468
2012-03	2012	03	.03062619
2012-04	2012	04	-.00843548
2012-05	2012	05	-.06399872
2012-06	2012	06	.0380662
2012-07	2012	07	.00786896
2012-08	2012	08	.02527531
2012-09	2012	09	.02702867
2012-10	2012	10	-.01765315
2012-11	2012	11	.00766974
2012-12	2012	12	.01172976
2013-01	2013	01	.05429877
2013-02	2013	02	.01271877
2013-03	2013	03	.03950914
2013-04	2013	04	.01547957
2013-05	2013	05	.02771244
2013-06	2013	06	-.0121738
2013-07	2013	07	
2013-08	2013	08	
2013-09	2013	09	
2013-10	2013	10	
2013-11	2013	11	
2013-12	2013	12	
2014-01	2014	01	
2014-02	2014	02	
2014-03	2014	03	
2014-04	2014	04	
2014-05	2014	05	
2014-06	2014	06	
