date	year	month	eR_Market	PRICEDIVIDENDRATIO_level_inv_z	PRICEDIVIDENDRATIO_level_lag_inv_z
1952-01	1952	01	.01427604	2.18345788536844	
1952-02	1952	02	-.02651709	2.28462427975904	2.18222730823471
1952-03	1952	03	.04301318	2.28376211057249	2.2834023475123
1952-04	1952	04	-.0507047	2.33314837663509	2.28254010465153
1952-05	1952	05	.03145841	2.37010468270335	2.33193059087727
1952-06	1952	06	.03724095	2.27021014688045	2.36889005494174
1952-07	1952	07	.00914428	2.13290179184965	2.26898698291491
1952-08	1952	08	-.00751695	2.11390834708989	2.1316668945885
1952-09	1952	09	-.02027199	2.19079913393336	2.11267182679784
1952-10	1952	10	-.00681365	2.24909424535947	2.18956918412519
1952-11	1952	11	.05717506	2.05431874785226	2.24786927699452
1952-12	1952	12	.02893049	1.82953853954479	2.0530771355002
1953-01	1953	01	-.00309985	1.80558511197439	1.82827771923826
1953-02	1953	02	-.00259974	1.86071166515238	1.80432224479572
1953-03	1953	03	-.01488362	1.83815483743503	1.85945350865679
1953-04	1953	04	-.02835346	2.08175748030665	1.83689475340977
1953-05	1953	05	.00547565	2.06811793652085	2.08051821265357
1953-06	1953	06	-.01935154	2.25492315319806	2.06687750333928
1953-07	1953	07	.02387643	2.18627750078594	2.25369868292587
1953-08	1953	08	-.04617305	2.16644918361601	2.18504716459444
1953-09	1953	09	.00209445	2.39823837177886	2.16521715305196
1953-10	1953	10	.04443874	2.2853395497442	2.39702614810177
1953-11	1953	11	.02759339	2.21235145103191	2.28411767861882
1953-12	1953	12	.00029957	2.18105053850333	2.21112334291579
1954-01	1954	01	.04978382	2.08319481857185	2.17981975565661
1954-02	1954	02	.0164523	2.00251370919973	2.08195567374243
1954-03	1954	03	.03572509	1.92698443572204	2.00126766999519
1954-04	1954	04	.04148917	1.73145039991127	1.92573194237788
1954-05	1954	05	.03032027	1.54454514566717	1.73018119776127
1954-06	1954	06	.01053792	1.49218778358253	1.54325997205935
1954-07	1954	07	.04838552	1.34967628542496	1.49089813592499
1954-08	1954	08	-.02346149	1.2895217396627	1.34837445985199
1954-09	1954	09	.06151167	1.21689022194483	1.28821477375382
1954-10	1954	10	-.01682914	1.18915276917182	1.21557704951583
1954-11	1954	11	.08951507	1.10225518344572	1.18783722651754
1954-12	1954	12	.05312016	0.993299716300946	1.10093221520498
1955-01	1955	01	.00617593	0.944334922653369	0.99196743758013
1955-02	1955	02	.02953261	0.843068575737038	0.942998459785139
1955-03	1955	03	-.00169975	0.885931356126542	0.841723459440661
1955-04	1955	04	.03059606	0.775259399563027	0.884589902547361
1955-05	1955	05	.00904624	0.797179719300518	0.773908488826033
1955-06	1955	06	.06310142	0.615230028555312	0.795830681702207
1955-07	1955	07	.01880313	0.424997397704109	0.613865442962794
1955-08	1955	08	.00219408	0.476315174240206	0.423616556322255
1955-09	1955	09	-.00370093	0.372771477484254	0.474938718073238
1955-10	1955	10	-.02701363	0.545913940984566	0.371386173284675
1955-11	1955	11	.06754762	0.356289618592427	0.544543432182597
1955-12	1955	12	.01466534	0.340626251197344	0.354902905982393
1956-01	1956	01	-.03059706	0.479452989211619	0.339238200118723
1956-02	1956	02	.03684163	0.515587814007522	0.47807680117772
1956-03	1956	03	.06391426	0.363909107230731	0.514214713772477
1956-04	1956	04	.00279079	0.368953727021834	0.362523045722465
1956-05	1956	05	-.05316969	0.508365110039213	0.367568096587228
1956-06	1956	06	.03404459	0.568498372620766	0.506991392608509
1956-07	1956	07	.04706866	0.425525390647317	0.567129793707277
1956-08	1956	08	-.03277651	0.466671721299768	0.424144594383601
1956-09	1956	09	-.05267071	0.599977053546399	0.46529444107891
1956-10	1956	10	.00507439	0.582516814455067	0.59861116455421
1956-11	1956	11	.00358638	0.556151797789815	0.581149433447722
1956-12	1956	12	.03103765	0.449849260071427	0.55478216383483
1957-01	1957	01	-.03625314	0.51268776025659	0.448470542334909
1957-02	1957	02	-.02086664	0.648904205414187	0.511314412205686
1957-03	1957	03	.02102847	0.600698389488946	0.647542497352841
1957-04	1957	04	.04152001	0.52711333501388	0.599332562136472
1957-05	1957	05	.0337353	0.40964303872984	0.525741219659508
1957-06	1957	06	-.00751017	0.360107131545902	0.408260885284836
1957-07	1957	07	.00645965	0.317602531425795	0.358720745150599
1957-08	1957	08	-.05231758	0.508459138472351	0.316212512920573
1957-09	1957	09	-.0616038	0.660816270859634	0.507085429076579
1957-10	1957	10	-.04382197	0.900802608421027	0.659455580710018
1957-11	1957	11	.02248172	0.99960684994272	0.899462425622487
1957-12	1957	12	-.03989133	1.02192574607416	0.998275110180101
1958-01	1958	01	.04570832	0.937976092791432	1.02059591350944
1958-02	1958	02	-.01519679	0.912452852385538	0.936639086547451
1958-03	1958	03	.03234174	0.827455405373952	0.911113665125517
1958-04	1958	04	.03031131	0.782527057004461	0.826108954898433
1958-05	1958	05	.02281242	0.650472605634941	0.781176767304498
1958-06	1958	06	.02887042	0.548407929547343	0.649111031596782
1958-07	1958	07	.04293428	0.462864938714122	0.547037633862085
1958-08	1958	08	.0188143	0.350644035474	0.461487333195466
1958-09	1958	09	.04546237	0.273437965454036	0.34925684043669
1958-10	1958	10	.02523296	0.170108867711743	0.272044172991226
1958-11	1958	11	.0295268	0.0973616576501543	0.168706245554271
1958-12	1958	12	.04992037	0.0568401367383086	0.0959528190864002
1959-01	1959	01	.00715922	-0.0368755394228473	0.055427835523039
1959-02	1959	02	.00943731	0.0137267679113325	-0.0382958488451334
1959-03	1959	03	.00259093	-0.0423616683160829	0.0123107825655429
1959-04	1959	04	.03587565	-0.0756160777792388	-0.0437824465399367
1959-05	1959	05	.01701664	-0.104300706419068	-0.077039697664233
1959-06	1959	06	-.00259689	-0.0725525207561284	-0.105726777467557
1959-07	1959	07	.0309379	-0.161660936152664	-0.0739758788535557
1959-08	1959	08	-.01397078	-0.138147416781233	-0.163091908756721
1959-09	1959	09	-.04903444	-0.0250363299634075	-0.139576380104255
1959-10	1959	10	.01258252	-0.0130548770657559	-0.0264556276996647
1959-11	1959	11	.01563614	-0.0140241347515665	-0.0144731509609751
1959-12	1959	12	.02412365	-0.0863381825752369	-0.0154424914719491
1960-01	1960	01	-.07221601	0.0114232717563102	-0.0877627186872528
1960-02	1960	02	.01130292	0.17311336228905	0.0100070895717971
1960-03	1960	03	-.01647782	0.267229823559245	0.171710996872132
1960-04	1960	04	-.0172149	0.235014696987243	0.265835500597297
1960-05	1960	05	.03054497	0.266657128899694	0.233617621173124
1960-06	1960	06	.02073329	0.167579785680834	0.26526275699975
1960-07	1960	07	-.02395384	0.239212916708143	0.166176947407838
1960-08	1960	08	.02960629	0.204965349132268	0.237816199640969
1960-09	1960	09	-.06166725	0.293495613806095	0.203565705536447
1960-10	1960	10	-.00721013	0.352647372956385	0.292103535312675
1960-11	1960	11	.04567985	0.258480987923661	0.351260349108592
1960-12	1960	12	.04585722	0.190393100294223	0.257085917354804
1961-01	1961	01	.05994921	0.0469321382911802	0.188992211468254
1961-02	1961	02	.03502934	-0.0637665656538069	0.0455189904160355
1961-03	1961	03	.02843421	-0.146694180061805	-0.0651891729723871
1961-04	1961	04	.00299043	-0.211702596333006	-0.148123873724215
1961-05	1961	05	.02357693	-0.236262168038349	-0.213137845105048
1961-06	1961	06	-.03122086	-0.203901383974472	-0.237699515478859
1961-07	1961	07	.0278575	-0.188744157889718	-0.205335966116063
1961-08	1961	08	.02543763	-0.265916605396529	-0.19017744481359
1961-09	1961	09	-.0216972	-0.23893286742828	-0.267356486872785
1961-10	1961	10	.0254251	-0.240834889616825	-0.240370443085824
1961-11	1961	11	.04347449	-0.321924984829924	-0.242272627806274
1961-12	1961	12	-.0017982	-0.320276817230187	-0.323369652343218
1962-01	1962	01	-.03947613	-0.222256215258382	-0.321721343903998
1962-02	1962	02	.01790266	-0.254159092736934	-0.223692365859965
1962-03	1962	03	-.00680956	-0.248695264100999	-0.255597969508328
1962-04	1962	04	-.06801693	-0.161565915643785	-0.250133673976431
1962-05	1962	05	-.09024521	0.0470226672783911	-0.162996880128134
1962-06	1962	06	-.08842773	0.413676769613052	0.0456095271391438
1962-07	1962	07	.06074781	0.351315508753956	0.412294960859067
1962-08	1962	08	.02102847	0.28125098207566	0.349928371095489
1962-09	1962	09	-.05349636	0.317038608091934	0.279857857252002
1962-10	1962	10	-.00059862	0.43822995594522	0.315648541398244
1962-11	1962	11	.10299244	0.262166662975336	0.436850245314059
1962-12	1962	12	.01012516	0.163331677324578	0.260771907355376
1963-01	1963	01	.0480061	0.0671905213642099	0.161928476041545
1963-02	1963	02	-.02403185	0.0401072777331085	0.0657791046116704
1963-03	1963	03	.03026663	0.0587467822580946	0.0386935466588827
1963-04	1963	04	.04400496	-0.0428980908741761	0.0573346439698044
1963-05	1963	05	.0174055	-0.0745321185304854	-0.0443189149364965
1963-06	1963	06	-.02015588	-0.0537628284529871	-0.0759556457888197
1963-07	1963	07	-.00389708	-0.0106934252092386	-0.0551845809306087
1963-08	1963	08	.04933627	-0.0778036455029905	-0.0121114973132943
1963-09	1963	09	-.01568029	-0.140032115844344	-0.0792274523203733
1963-10	1963	10	.02501115	-0.119792718704023	-0.141461240218973
1963-11	1963	11	-.00851325	-0.0789263885482742	-0.121220113578435
1963-12	1963	12	.0180826	-0.106624283629235	-0.0803502913064761
1964-01	1964	01	.02208727	-0.164420095472532	-0.108050553232418
1964-02	1964	02	.01534152	-0.176796423644407	-0.165851303852714
1964-03	1964	03	.01395855	-0.203539844215612	-0.178228689608573
1964-04	1964	04	.00109622	-0.221169684370544	-0.204974395462849
1964-05	1964	05	.01396546	-0.227561582806447	-0.222605742125714
1964-06	1964	06	.01258252	-0.195889991166452	-0.228998186763149
1964-07	1964	07	.0171992	-0.263865523064065	-0.197323888717217
1964-08	1964	08	-.01446389	-0.208199840068752	-0.265305229270903
1964-09	1964	09	.02647141	-0.22963236504371	-0.209634789522704
1964-10	1964	10	.0058657	-0.251200176549417	-0.231069145953229
1964-11	1964	11	7.088e-11	-0.248397723800208	-0.25263880047503
1964-12	1964	12	.00029903	-0.186371777802969	-0.249836108250179
1965-01	1965	01	.03478867	-0.232134814360527	-0.187804862001837
1965-02	1965	02	.00437725	-0.233804237576664	-0.233571809109747
1965-03	1965	03	-.01344187	-0.220149241445687	-0.235241374981706
1965-04	1965	04	.03053297	-0.232823333857272	-0.221585212001805
1965-05	1965	05	-.00770582	-0.249751041254544	-0.234260387441971
1965-06	1965	06	-.05636738	-0.110656586759838	-0.251189541348415
1965-07	1965	07	.01415515	-0.0905308134396015	-0.112083200932035
1965-08	1965	08	.02684659	-0.121341983320182	-0.0919557078209837
1965-09	1965	09	.02811272	-0.187655247802399	-0.122769510582603
1965-10	1965	10	.02558943	-0.223694638548901	-0.189088441676551
1965-11	1965	11	-.000299	-0.225747182517576	-0.225130912066862
1965-12	1965	12	.01001645	-0.196616038202202	-0.227183631429854
1966-01	1966	01	.00704822	-0.220678467039777	-0.198049997795255
1966-02	1966	02	-.01223196	-0.186322640714941	-0.222114482819366
1966-03	1966	03	-.02532292	-0.0621281024550279	-0.187755720714938
1966-04	1966	04	.02110324	-0.123900602003515	-0.0635505697633876
1966-05	1966	05	-.05801996	0.032248898027772	-0.125328347905431
1966-06	1966	06	-.01455046	0.0707065664214722	0.0308344954380211
1966-07	1966	07	-.01627522	0.0969494608112295	0.0692954501225798
1966-08	1966	08	-.08205316	0.294190976148817	0.095540587024365
1966-09	1966	09	-.0106139	0.422888379026348	0.292798957075611
1966-10	1966	10	.03770714	0.442821431258726	0.421507357424291
1966-11	1966	11	.01374966	0.28864665306061	0.441442112979051
1966-12	1966	12	.00129398	0.26958053444137	0.287254160213017
1967-01	1967	01	.07802626	0.171535757812982	0.268186412352746
1967-02	1967	02	.0076431	0.0870403085738957	0.170133257586352
1967-03	1967	03	.03897549	0.0332516291040654	0.085630588028562
1967-04	1967	04	.03804302	-0.0121664649667322	0.0318373121998515
1967-05	1967	05	-.0440124	-0.0585926039543511	-0.0135846629452179
1967-06	1967	06	.02375081	-0.0257230454642991	-0.0600147691467249
1967-07	1967	07	.04464244	-0.0643596528599089	-0.0271424018818796
1967-08	1967	08	-.00891209	-0.0990173904028258	-0.0657823108590724
1967-09	1967	09	.03052998	-0.128396284785762	-0.100443009980546
1967-10	1967	10	-.03126361	-0.124442533479757	-0.129824414853486
1967-11	1967	11	.00358067	-0.0426960341753188	-0.125870325690889
1967-12	1967	12	.03004349	-0.114905224645337	-0.0441168409714577
1968-01	1968	01	-.04117481	-0.0992682013996542	-0.116332201872822
1968-02	1968	02	-.03806987	0.0303949956355041	-0.100693842409716
1968-03	1968	03	.00199045	0.0896108727723591	0.0289804346257881
1968-04	1968	04	.08618957	-0.0872439951045536	0.0882013718872904
1968-05	1968	05	.02234675	-0.133561761449428	-0.0886686086202073
1968-06	1968	06	.00684696	-0.188426445095122	-0.134990332918293
1968-07	1968	07	-.02744321	-0.172526000248944	-0.189859704869749
1968-08	1968	08	.01325571	-0.105992565677482	-0.173957901296204
1968-09	1968	09	.03924752	-0.175198961799778	-0.107418781299001
1968-10	1968	10	.00417288	-0.224166149766021	-0.176631091257377
1968-11	1968	11	.05275608	-0.250511655573692	-0.225602463575634
1968-12	1968	12	-.04002159	-0.264935495533836	-0.251950220663701
1969-01	1969	01	-.01251205	-0.151631169564759	-0.266375293172134
1969-02	1969	02	-.05978509	-0.131178323196652	-0.15306128510359
1969-03	1969	03	.02593975	-0.0670582342162613	-0.132606690995569
1969-04	1969	04	.01441858	-0.109875630430947	-0.0684811228150324
1969-05	1969	05	-.00099572	-0.182084352408646	-0.111302177868739
1969-06	1969	06	-.07400848	-0.0378603432930936	-0.18351707023775
1969-07	1969	07	-.07217395	0.0901152223487715	-0.0392807368689983
1969-08	1969	08	.04561051	0.111381242693918	0.0887057645614639
1969-09	1969	09	-.0300638	0.107579214475607	0.109973602133998
1969-10	1969	10	.04897949	0.0813113278357404	0.106171249024161
1969-11	1969	11	-.03843312	0.0645995166777833	0.0799011177366243
1969-12	1969	12	-.02648028	0.219538665023738	0.063187878518295
1970-01	1970	01	-.08383551	0.248002300298938	0.218140266749249
1970-02	1970	02	.04972677	0.355883396393293	0.246606334303583
1970-03	1970	03	-.01059586	0.308479540633396	0.354496649070695
1970-04	1970	04	-.11580737	0.404600287135783	0.307088742548899
1970-05	1970	05	-.07131898	0.805332758125501	0.403217702776759
1970-06	1970	06	-.05928951	0.830456771384923	0.803984417221974
1970-07	1970	07	.06666891	0.828120466128303	0.829110577382614
1970-08	1970	08	.04369461	0.733482495351996	0.826774072483662
1970-09	1970	09	.04073446	0.545925049686407	0.732128014688271
1970-10	1970	10	-.02295711	0.461791531745855	0.5445545418337
1970-11	1970	11	.04467679	0.448762763705849	0.460413834502255
1970-12	1970	12	.0554918	0.234938259240865	0.44738395312587
1971-01	1971	01	.04709041	0.119962214385448	0.233541176894974
1971-02	1971	02	.01395579	0.00821240669383483	0.118555307088099
1971-03	1971	03	.04025553	-0.0665309047297666	0.00679595013396452
1971-04	1971	04	.03092878	-0.154463028479826	-0.0679537482670937
1971-05	1971	05	-.04049383	-0.122804465114211	-0.15589338600712
1971-06	1971	06	-.00099681	-0.0779339499696318	-0.124232117348861
1971-07	1971	07	-.04585622	-0.0620156144912063	-0.0793577679218129
1971-08	1971	08	.03693269	-0.0180271470836534	-0.0634380721872265
1971-09	1971	09	-.00860522	-0.0779779147548153	-0.019445845870089
1971-10	1971	10	-.04503614	-0.027881567455427	-0.0794017364638823
1971-11	1971	11	-.00459358	0.093609035257371	-0.0293011083233756
1971-12	1971	12	.0832182	-0.0886954520273349	0.0921998760239254
1972-01	1972	01	.02442749	-0.191071790964053	-0.0901201895731188
1972-02	1972	02	.02822629	-0.235469947581145	-0.1925052767892
1972-03	1972	03	.00626338	-0.291502007118614	-0.236907227324705
1972-04	1972	04	.00288744	-0.31534067072213	-0.292944074922728
1972-05	1972	05	.01238559	-0.291502007118614	-0.316784775591556
1972-06	1972	06	-.0245281	-0.298051559498912	-0.292944074922728
1972-07	1972	07	-.00800725	-0.277935273108206	-0.299494186976429
1972-08	1972	08	.0319886	-0.356629767767964	-0.279376181605586
1972-09	1972	09	-.0114264	-0.320580412638135	-0.358077400879945
1972-10	1972	10	.00516592	-0.307222512783972	-0.322024965254829
1972-11	1972	11	.04481124	-0.402366423385068	-0.308665923939262
1972-12	1972	12	.00615814	-0.431838439865547	-0.403817964793094
1973-01	1973	01	-.03330436	-0.444034487303166	-0.433292499721061
1973-02	1973	02	-.04940284	-0.358105053933468	-0.445489589337284
1973-03	1973	03	-.01302493	-0.316503804865325	-0.35955281311184
1973-04	1973	04	-.05816545	-0.259587750381846	-0.317948009127077
1973-05	1973	05	-.02968716	-0.177626879713748	-0.261027091043766
1973-06	1973	06	-.01564255	-0.107865695193771	-0.179059216642179
1973-07	1973	07	.04886587	-0.118854042325933	-0.109292070878254
1973-08	1973	08	-.03887916	-0.0568208224266858	-0.12028135698842
1973-09	1973	09	.04610005	-0.0879540661770006	-0.0582428362164998
1973-10	1973	10	-.00858117	-0.158305387681488	-0.0893787403697617
1973-11	1973	11	-.13557917	0.0619148019408759	-0.159736073546678
1973-12	1973	12	.00574657	0.300450381121838	0.0605029343667126
1974-01	1974	01	-.00169079	0.276842811505983	0.299058896928312
1974-02	1974	02	-.00468385	0.377838084699407	0.275449309994625
1974-03	1974	03	-.02834137	0.270858340007446	0.376453213452361
1974-04	1974	04	-.05393489	0.446035952612876	0.269464327110069
1974-05	1974	05	-.04746102	0.560794470465383	0.444656909020997
1974-06	1974	06	-.02853448	0.574927950967657	0.559425233236809
1974-07	1974	07	-.08331685	1.03227084475136	0.57355992147553
1974-08	1974	08	-.09754927	1.22373680681358	1.03094189619767
1974-09	1974	09	-.12426416	1.70990076869912	1.22242421944004
1974-10	1974	10	.14857781	1.63100236560173	1.70862972508657
1974-11	1974	11	-.04589502	1.4976236545346	1.62972457995016
1974-12	1974	12	-.03486082	1.79047756762597	1.49633447138399
1975-01	1975	01	.1274356	1.48115035058016	1.78921340947499
1975-02	1975	02	.05388378	1.11644156562746	1.47985975975012
1975-03	1975	03	.02614657	0.974063980457986	1.11511980964374
1975-04	1975	04	.04125201	0.946875390095388	0.97273005800198
1975-05	1975	05	.05028721	0.744387390343352	0.94553914431559
1975-06	1975	06	.04688663	0.671844951126353	0.743033841526466
1975-07	1975	07	-.06772832	0.668613015902499	0.670485203401295
1975-08	1975	08	-.02877388	0.931075510617419	0.667252992001593
1975-09	1975	09	-.04329945	0.975054687944072	0.929737914703781
1975-10	1975	10	.05145736	0.806122179659866	0.973720850146161
1975-11	1975	11	.02604954	0.739393267283964	0.804773906214115
1975-12	1975	12	-.01605171	0.782407456326433	0.738039291708471
1976-01	1976	01	.11424894	0.496142261000083	0.781057156406334
1976-02	1976	02	.00318408	0.381949385758314	0.494767499100518
1976-03	1976	03	.02294198	0.369683007194629	0.380564865830827
1976-04	1976	04	-.01494886	0.364918219516804	0.36829743907859
1976-05	1976	05	-.01354151	0.404844981582765	0.363532244239362
1976-06	1976	06	.0395347	0.405800454606901	0.403462418133411
1976-07	1976	07	-.01070706	0.359247865669057	0.404417972804781
1976-08	1976	08	-.00559219	0.40948127702647	0.357861405847628
1976-09	1976	09	.02030226	0.369216976350849	0.408099109758579
1976-10	1976	10	-.02449843	0.52997759826063	0.367831368411468
1976-11	1976	11	.00347999	0.606453715234242	0.528605727663742
1976-12	1976	12	.05474848	0.550288094051019	0.605088379686789
1977-01	1977	01	-.04119157	0.615221009576523	0.548917959029879
1977-02	1977	02	-.01952165	0.743936314300686	0.613856423213314
1977-03	1977	03	-.01374213	0.795801660760121	0.742582726938377
1977-04	1977	04	.00139373	0.897038487217997	0.794452505403731
1977-05	1977	05	-.01455192	0.954907831233087	0.895697982767167
1977-06	1977	06	.04584521	0.98287867204936	0.953572271842739
1977-07	1977	07	-.01697254	0.988418465212603	0.981545502827796
1977-08	1977	08	-.01757691	1.11907848440812	0.987085769378335
1977-09	1977	09	-.00269206	1.21871807173282	1.11775695375481
1977-10	1977	10	-.04456485	1.37147137366423	1.21740505549753
1977-11	1977	11	.03902934	1.39815225154257	1.37017141052864
1977-12	1977	12	.00258398	1.46795906671782	1.39685456834564
1978-01	1978	01	-.06167005	1.6705402197439	1.46666734866408
1978-02	1978	02	-.01383203	1.77248700275394	1.66926581268739
1978-03	1978	03	.02795533	1.82080306874385	1.77122130727032
1978-04	1978	04	.07536468	1.66595849880038	1.81954150197246
1978-05	1978	05	.01735915	1.48887678283475	1.66468370022592
1978-06	1978	06	-.01695211	1.50934313431483	1.48758685224505
1978-07	1978	07	.04956647	1.5606631816749	1.50805495261908
1978-08	1978	08	.03661625	1.3179615385775	1.55937938538808
1978-09	1978	09	-.01431384	1.34715482818182	1.31665700291089
1978-10	1978	10	-.12589841	1.49195969759133	1.34585278714488
1978-11	1978	11	.02655587	1.76405486290902	1.49067003044335
1978-12	1978	12	.00869399	1.71411361294278	1.76278844688083
1979-01	1979	01	.04111966	1.59251883726052	1.71284292932687
1979-02	1979	02	-.03598165	1.69292526193136	1.5912377631083
1979-03	1979	03	.05481352	1.64761008433009	1.69165276772508
1979-04	1979	04	-.00069469	1.60124888330489	1.64633371784397
1979-05	1979	05	-.02216407	1.74096036083264	1.59996855515397
1979-06	1979	06	.03747944	1.69387602553423	1.73969197132935
1979-07	1979	07	.00810441	1.69722867759496	1.69260361257275
1979-08	1979	08	.05333052	1.55065249677812	1.69595655112485
1979-09	1979	09	-.00816575	1.54740708424117	1.54936784505665
1979-10	1979	10	-.08370925	1.74900501756219	1.54612215519219
1979-11	1979	11	.05030261	1.82015574211837	1.74773731549219
1979-12	1979	12	.01757618	1.68597478301054	1.81889412003153
1980-01	1980	01	.053221	1.60208343939018	1.68470169487082
1980-02	1980	02	-.01216609	1.47571435164758	1.60080318255388
1980-03	1980	03	-.13634421	1.93284309075499	1.4744232962997
1980-04	1980	04	.03836193	2.04594838332254	1.93159109804556
1980-05	1980	05	.0508617	1.87688376582785	2.04470605570474
1980-06	1980	06	.02996112	1.63804865636935	1.8756269912732
1980-07	1980	07	.06255954	1.48187031830829	1.63677147283855
1980-08	1980	08	.01772747	1.38712903476635	1.48057978900105
1980-09	1980	09	.02160123	1.31973386102013	1.38583040961173
1980-10	1980	10	.0104455	1.22600139539661	1.31842947680229
1980-11	1980	11	.09074351	1.08721798920865	1.22468900153706
1980-12	1980	12	-.04574476	1.16738156744751	1.08589373600718
1981-01	1981	01	-.05116829	1.20660808963543	1.16606416439701
1981-02	1981	02	.00552542	1.37051780299544	1.20529403857601
1981-03	1981	03	.03447445	1.25049748371207	1.36921775837517
1981-04	1981	04	-.02109551	1.23824648011008	1.2491871830962
1981-05	1981	05	.0010869	1.34096998179779	1.23693513261948
1981-06	1981	06	-.02356104	1.3457997728992	1.33966741225236
1981-07	1981	07	-.01532826	1.47258983715763	1.34449761606986
1981-08	1981	08	-.07193813	1.48434983413976	1.47129851481323
1981-09	1981	09	-.07345475	1.90949550324877	1.48305951671251
1981-10	1981	10	.04746719	1.87773344781763	1.90824151543755
1981-11	1981	11	.03260788	1.78821717427329	1.87647674587014
1981-12	1981	12	-.03685611	1.78045792357391	1.78695282296681
1982-01	1982	01	-.03267078	2.04708404225768	1.77919290922269
1982-02	1982	02	-.05971466	2.18360189420584	2.0458418116844
1982-03	1982	03	-.01869213	2.36738918173361	2.18237132937798
1982-04	1982	04	.03182286	2.15147604180569	2.36617432192656
1982-05	1982	05	-.04028203	2.16867080055506	2.15024273175432
1982-06	1982	06	-.03108433	2.48555522470199	2.16743895983298
1982-07	1982	07	-.03207756	2.50971286225806	2.48435046243864
1982-08	1982	08	.10486417	2.5056649267694	2.50851016431703
1982-09	1982	09	.01275288	1.97979935038149	2.50446188292354
1982-10	1982	10	.1064634	1.62464823466737	1.97855137018591
1982-11	1982	11	.04545796	1.46151550533623	1.62336990604158
1982-12	1982	12	.00544853	1.42713738088303	1.46022323666625
1983-01	1983	01	.0350331	1.29635340538668	1.42584217452804
1983-02	1983	02	.0254147	1.23667578559272	1.29504702325839
1983-03	1983	03	.02763798	1.11346253635869	1.23536430388288
1983-04	1983	04	.06412885	0.98031576955276	1.11214052581048
1983-05	1983	05	.00515108	0.843798629185399	0.97898238132564
1983-06	1983	06	.03003993	0.800485806869592	0.842453575273666
1983-07	1983	07	-.04123983	0.797998463300568	0.799137051783607
1983-08	1983	08	-.00497464	0.905830318542869	0.796649495665702
1983-09	1983	09	.00908918	0.813663639125386	0.904490565373022
1983-10	1983	10	-.03473693	0.81813485429579	0.812316010113641
1983-11	1983	11	.02122304	0.885630699869135	0.816787607359042
1983-12	1983	12	-.017829	0.917925891658403	0.884289220598228
1984-01	1984	01	-.01934025	0.889962666807868	0.916587172081413
1984-02	1984	02	-.0490434	1.11049163468348	0.888621557712896
1984-03	1984	03	.00623487	1.12386936817071	1.1091693702653
1984-04	1984	04	-.00507186	1.14182212256133	1.12254824690876
1984-05	1984	05	-.06106503	1.18892299891348	1.14050253540104
1984-06	1984	06	.01790329	1.30007982353699	1.18760743662484
1984-07	1984	07	-.02755328	1.36512536554811	1.29877375983919
1984-08	1984	08	.09708477	1.05209812259299	1.36382486013241
1984-09	1984	09	-.00796341	1.02583405755926	1.05077086832304
1984-10	1984	10	-.00845145	1.07992019704808	1.0245045589682
1984-11	1984	11	-.0176269	1.07115252591908	1.0785953202345
1984-12	1984	12	.01811787	1.13700463504173	1.06982689988906
1985-01	1985	01	.07629846	1.00123014469342	1.13568463621672
1985-02	1985	02	.01205667	0.833372406408637	0.999898543644842
1985-03	1985	03	-.00838328	0.882470107855679	0.832026461553641
1985-04	1985	04	-.00957709	0.871218636262339	0.881128358505355
1985-05	1985	05	.04932932	0.801271575102006	0.869875925449456
1985-06	1985	06	.01264964	0.739882019388332	0.799922887161615
1985-07	1985	07	-.00738158	0.690821864482253	0.738528085577762
1985-08	1985	08	-.01019601	0.779968852125361	0.689463738375444
1985-09	1985	09	-.04617926	0.873179653206718	0.778618343821263
1985-10	1985	10	.03916339	0.842335879522618	0.871837109966971
1985-11	1985	11	.06241795	0.650936042696361	0.840990700615766
1985-12	1985	12	.03782496	0.502896999580089	0.6495745082599
1986-01	1986	01	.006443	0.505163050644712	0.50152281488753
1986-02	1986	02	.06852192	0.359211754411148	0.503789059591113
1986-03	1986	03	.0473691	0.206384366342725	0.357825291503934
1986-04	1986	04	-.0131179	0.147260613282942	0.20498484400499
1986-05	1986	05	.0449492	0.150643979277251	0.145856038692762
1986-06	1986	06	.01029304	0.0820182464150837	0.149239693803006
1986-07	1986	07	-.06631752	0.154932726591392	0.0806080967236876
1986-08	1986	08	.058667	0.114623807502504	0.153528807599871
1986-09	1986	09	-.08950329	0.207375558373052	0.113216444026753
1986-10	1986	10	.04534292	0.224013283428964	0.205976120734819
1986-11	1986	11	.01158716	0.139367088006655	0.222615267520285
1986-12	1986	12	-.03308177	0.10565276150561	0.137961838897685
1987-01	1987	01	.11696392	-0.0537049996380262	0.104244631434594
1987-02	1987	02	.04278362	-0.199358475878256	-0.0551267471740506
1987-03	1987	03	.01619149	-0.290864008224075	-0.200792669818534
1987-04	1987	04	-.02112967	-0.247621821145772	-0.292306021509806
1987-05	1987	05	.00099572	-0.228793285699937	-0.249060139293185
1987-06	1987	06	.03846253	-0.311108207110299	-0.230229994908314
1987-07	1987	07	.0376076	-0.364259368691864	-0.312551950306565
1987-08	1987	08	.03443557	-0.486428402675658	-0.365707653769729
1987-09	1987	09	-.0261222	-0.40169785243937	-0.487887127361444
1987-10	1987	10	-.2626824	-0.0781082015614001	-0.403149336716564
1987-11	1987	11	-.08059094	0.308189766350804	-0.0795320344037561
1987-12	1987	12	.06572693	0.374438564228167	0.306798943504468
1988-01	1988	01	.04121677	0.275175069658679	0.373053402484752
1988-02	1988	02	.04619871	0.20401421515122	0.273781425635178
1988-03	1988	03	-.02285986	0.136926619806438	0.202614490278945
1988-04	1988	04	.00555888	0.199216045138087	0.135521162154187
1988-05	1988	05	-.00288946	0.301661660739201	0.197815910251818
1988-06	1988	06	.04656525	0.171020218520166	0.300270280052136
1988-07	1988	07	-.01251455	0.211356120876248	0.16961767423959
1988-08	1988	08	-.03345943	0.293983589742148	0.209957023385681
1988-09	1988	09	.03227033	0.270422317723585	0.292591552947326
1988-10	1988	10	.01136544	0.19831971601768	0.269028267567161
1988-11	1988	11	-.02303346	0.293041292443687	0.196919504538151
1988-12	1988	12	.01469817	0.261436155619296	0.291649175127525
1989-01	1989	01	.05889733	0.194817289021039	0.260041337575904
1989-02	1989	02	-.02261744	0.135068607661547	0.193416778251555
1989-03	1989	03	.01547515	0.170983676245888	0.133662991238144
1989-04	1989	04	.04211251	0.110615762200704	0.169581128842695
1989-05	1989	05	.032697	0.0367134570818618	0.109208056228821
1989-06	1989	06	-.01349548	-0.0173414213825786	0.0352994359983285
1989-07	1989	07	.06905907	-0.0516385767927589	-0.0187600615722714
1989-08	1989	08	.01419302	-0.132362947686416	-0.0530601477484864
1989-09	1989	09	-.00757957	-0.108069486421944	-0.133791416714055
1989-10	1989	10	-.03723619	-0.0786340104240244	-0.109495879520828
1989-11	1989	11	.01007914	0.00655444747170159	-0.0800578881978839
1989-12	1989	12	.01146371	-0.0273796706683223	0.00513784923563344
1990-01	1990	01	-.0812698	0.0610752522865023	-0.0287991686481059
1990-02	1990	02	.01097663	0.161687604548926	0.0596633129710071
1990-03	1990	03	.01802028	0.11715765294802	0.160284262776321
1990-04	1990	04	-.03393922	0.147991688975067	0.115750505994837
1990-05	1990	05	.08031773	0.0791297638726317	0.146587176856885
1990-06	1990	06	-.01099132	0.0291454502528075	0.0777193673541613
1990-07	1990	07	-.01905202	0.0448507705398555	0.0277307824667387
1990-08	1990	08	-.10628816	0.297511038036926	0.0434374448073392
1990-09	1990	09	-.06276409	0.455701093399164	0.296119302670183
1990-10	1990	10	-.01925451	0.562865110765941	0.454322875714448
1990-11	1990	11	.06113336	0.502348107684093	0.561496050478055
1990-12	1990	12	.02415908	0.395123548364171	0.500973876087536
1991-01	1991	01	.04560164	0.427318719755018	0.393740154197344
1991-02	1991	02	.06901941	0.116539709851459	0.425938076735149
1991-03	1991	03	.02604186	0.0435842038158128	0.115132510093703
1991-04	1991	04	-.00268938	-0.00672292925472675	0.0421707698524333
1991-05	1991	05	.0356849	0.00728120315354509	-0.00814066207132419
1991-06	1991	06	-.05054933	0.00736055619651737	0.00586466702032024
1991-07	1991	07	.04132739	0.00322516274923601	0.00594402684418149
1991-08	1991	08	.02283114	-0.0500214592446253	0.00180828001859485
1991-09	1991	09	-.01595378	-0.0260017909906208	-0.0514428920141642
1991-10	1991	10	.01276424	-0.0295412769573801	-0.0274211712276088
1991-11	1991	11	-.0425293	-0.0287253843706481	-0.0309609596510917
1991-12	1991	12	.10245732	-0.0518800328936917	-0.0301449973445752
1992-01	1992	01	-.00589736	-0.216039551629142	-0.0533016244823646
1992-02	1992	02	.01081092	-0.187258108793767	-0.217475171003385
1992-03	1992	03	-.02686759	-0.147706895582225	-0.188691268731533
1992-04	1992	04	.01070802	-0.148014029858358	-0.149136675783365
1992-05	1992	05	.00298716	-0.192636424100013	-0.149443836304785
1992-06	1992	06	-.0236017	-0.153283303107454	-0.194070043626443
1992-07	1992	07	.03689444	-0.18941372143854	-0.154713559824666
1992-08	1992	08	-.02402457	-0.201734161983757	-0.190847065578064
1992-09	1992	09	.01179925	-0.200345702902388	-0.203168558931546
1992-10	1992	10	.01002639	-0.165504295001218	-0.201779981203349
1992-11	1992	11	.04037892	-0.226908371219504	-0.166935596028593
1992-12	1992	12	.01514206	-0.298710392455565	-0.228344919357865
1993-01	1993	01	.00933472	-0.290167799045519	-0.300153076231782
1993-02	1993	02	.00129631	-0.318470001698605	-0.29160975283867
1993-03	1993	03	.02278093	-0.356155596491254	-0.319914373976125
1993-04	1993	04	-.03089948	-0.317030026602612	-0.357603189084276
1993-05	1993	05	.02833162	-0.325907633907716	-0.318474275831149
1993-06	1993	06	.0030875	-0.338023540282026	-0.327352641746979
1993-07	1993	07	-.00339763	-0.334044767115101	-0.339469583451667
1993-08	1993	08	.03643533	-0.368917423238024	-0.335490470289978
1993-09	1993	09	-.00119761	-0.3942914067342	-0.370366106356715
1993-10	1993	10	.013971	-0.413377873164997	-0.395742258114605
1993-11	1993	11	-.01903285	-0.404925293764496	-0.414830355525199
1993-12	1993	12	.01622995	-0.416114345188815	-0.406377053833524
1994-01	1994	01	.02822629	-0.441781487542889	-0.417567061386464
1994-02	1994	02	-.02577592	-0.427568417422787	-0.44323639705331
1994-03	1994	03	-.04884502	-0.382626162669375	-0.429022112395656
1994-04	1994	04	.0067588	-0.290584901241737	-0.384076017229471
1994-05	1994	05	.00566574	-0.301821822183549	-0.292026890677173
1994-06	1994	06	-.03067197	-0.314231091697789	-0.303264771838159
1994-07	1994	07	.02763612	-0.290989752916587	-0.315675101751291
1994-08	1994	08	.03917473	-0.350872451388922	-0.292431776947473
1994-09	1994	09	-.02328382	-0.358946316474985	-0.352319592525779
1994-10	1994	10	.01326096	-0.328535418033569	-0.360394147541059
1994-11	1994	11	-.04108356	-0.299475671635066	-0.329980650422663
1994-12	1994	12	.00862459	-0.254293636101156	-0.300918420806041
1995-01	1995	01	.01766813	-0.306081302575358	-0.255732524369572
1995-02	1995	02	.03542098	-0.3871360915847	-0.30752461621177
1995-03	1995	03	.02156551	-0.438650975670268	-0.388586331527966
1995-04	1995	04	.02088746	-0.492585146341526	-0.440105617671685
1995-05	1995	05	.02843608	-0.548040826712408	-0.494044397134361
1995-06	1995	06	.02671277	-0.598876293145246	-0.549504816312952
1995-07	1995	07	.03636409	-0.654780325007417	-0.600344626746236
1995-08	1995	08	.00545934	-0.65063167458833	-0.65625343572872
1995-09	1995	09	.03281231	-0.708520543682184	-0.652104430798491
1995-10	1995	10	-.0152445	-0.712404926274526	-0.709998246621287
1995-11	1995	11	.03858089	-0.74369591125755	-0.713882961142515
1995-12	1995	12	.0101976	-0.793312928249777	-0.745176620007815
1996-01	1996	01	.02225377	-0.778952973395558	-0.794797876881349
1996-02	1996	02	.01316134	-0.866915354691388	-0.780436694937962
1996-03	1996	03	.00724533	-0.846906577486871	-0.868406592809331
1996-04	1996	04	.02029826	-0.839938112308459	-0.848396105811569
1996-05	1996	05	.02332668	-0.871331763175176	-0.841427045162752
1996-06	1996	06	-.01141954	-0.883651959492804	-0.872823378684766
1996-07	1996	07	-.06127192	-0.799983100436867	-0.885144627789789
1996-08	1996	08	.02721323	-0.835691503306753	-0.801468619049065
1996-09	1996	09	.04867638	-0.85254383949533	-0.83718007327913
1996-10	1996	10	.0086263	-0.911194933588929	-0.854033849536247
1996-11	1996	11	.0603844	-0.983026915806777	-0.912689955492562
1996-12	1996	12	-.01706697	-0.991117529189657	-0.984528075908496
1997-01	1997	01	.04848198	-1.03507418382028	-0.99261938065177
1997-02	1997	02	-.00489292	-1.09458641128059	-1.0365797914735
1997-03	1997	03	-.05138239	-1.07679346990201	-1.09609710438224
1997-04	1997	04	.03943898	-1.01507651025997	-1.07830264255838
1997-05	1997	05	.06491784	-1.14743042458728	-1.01658040906878
1997-06	1997	06	.04003659	-1.21832925414556	-1.14894563332404
1997-07	1997	07	.07044556	-1.28904148954475	-1.2198505213405
1997-08	1997	08	-.04220894	-1.28685327023815	-1.29056879925299
1997-09	1997	09	.05189546	-1.29606871390255	-1.28838039295832
1997-10	1997	10	-.03847214	-1.31125552109398	-1.29759662410229
1997-11	1997	11	.02934892	-1.28882580354538	-1.31278472903921
1997-12	1997	12	.0130514	-1.31710388195663	-1.29035309482278
1998-01	1998	01	.00139303	-1.31417974826872	-1.31863358965693
1998-02	1998	02	.06768378	-1.38888725861439	-1.31570920609549
1998-03	1998	03	.0464204	-1.44718940027964	-1.39042310035933
1998-04	1998	04	.00724246	-1.47798283673346	-1.44873022406856
1998-05	1998	05	-.0309522	-1.46652554065192	-1.47952629188805
1998-06	1998	06	.031179	-1.45903087630004	-1.46806801675581
1998-07	1998	07	-.02480716	-1.50385581748642	-1.46057271196867
1998-08	1998	08	-.17448615	-1.41136491013442	-1.50540148354312
1998-09	1998	09	.05941768	-1.34048507437603	-1.41290267264326
1998-10	1998	10	.06866055	-1.35414375426967	-1.34201678004975
1998-11	1998	11	.05894019	-1.47965332007008	-1.3556766271071
1998-12	1998	12	.05946365	-1.52333184491119	-1.48119691797109
1999-01	1999	01	.03428347	-1.57075926606879	-1.52487917523652
1999-02	1999	02	-.04150733	-1.5633349748848	-1.57231064916973
1999-03	1999	03	.03377542	-1.58768137664102	-1.56488572356402
1999-04	1999	04	.04233127	-1.63487436330208	-1.58923420577287
1999-05	1999	05	-.02482218	-1.63779336130513	-1.63643122517661
1999-06	1999	06	.04641588	-1.63551545496534	-1.63935047261435
1999-07	1999	07	-.03518027	-1.67342655737199	-1.63707237162255
1999-08	1999	08	-.01384175	-1.62890321090517	-1.67498671361481
1999-09	1999	09	-.02839005	-1.61645907817457	-1.63045956253183
1999-10	1999	10	.05927016	-1.60160657348785	-1.6180143664232
1999-11	1999	11	.03302765	-1.66974571936255	-1.60316059255786
1999-12	1999	12	.07405108	-1.69519549534314	-1.6713055610698
2000-01	2000	01	-.04825252	-1.68771196111441	-1.69675751178875
2000-02	2000	02	.02410229	-1.65672911842173	-1.68927333807585
2000-03	2000	03	.05046185	-1.68808755632791	-1.65828784783231
2000-04	2000	04	-.06582676	-1.70181609790205	-1.68964896538476
2000-05	2000	05	-.04508063	-1.67433923088887	-1.70337868009245
2000-06	2000	06	.04517902	-1.70446819396123	-1.67589946512161
2000-07	2000	07	-.02468515	-1.71828846096917	-1.70603100277897
2000-08	2000	08	.0686346	-1.73278014389889	-1.71985245075858
2000-09	2000	09	-.05564377	-1.72867173120438	-1.73434537203392
2000-10	2000	10	-.02793224	-1.67846169252196	-1.73023660826666
2000-11	2000	11	-.11289498	-1.67133735339533	-1.68002227902795
2000-12	2000	12	.01177124	-1.63816989556885	-1.67289733111115
2001-01	2001	01	.03056065	-1.64792126231494	-1.63972703905373
2001-02	2001	02	-.1058144	-1.63134020532219	-1.64947923907518
2001-03	2001	03	-.07513475	-1.53538682483284	-1.63289676519529
2001-04	2001	04	.07621183	-1.54561075466473	-1.53693518528225
2001-05	2001	05	.00725037	-1.62165426431198	-1.54715998877104
2001-06	2001	06	-.01943373	-1.60162024259994	-1.62320999650049
2001-07	2001	07	-.02146503	-1.57067389011086	-1.60317426283801
2001-08	2001	08	-.06656763	-1.5457524161136	-1.57222526591624
2001-09	2001	09	-.09688702	-1.40301936233556	-1.54730166232518
2001-10	2001	10	.02434697	-1.44000656778965	-1.4045564116993
2001-11	2001	11	.07257369	-1.49683988815783	-1.44154677779001
2001-12	2001	12	.01584976	-1.51219054180169	-1.49838495468821
2002-01	2002	01	-.01448426	-1.50772517373849	-1.51373692007859
2002-02	2002	02	-.02313585	-1.46696479742482	-1.50927117044005
2002-03	2002	03	.04147294	-1.52163968135245	-1.46850731106416
2002-04	2002	04	-.05331862	-1.47174701284271	-1.52318686707875
2002-05	2002	05	-.01387654	-1.4284251132206	-1.47328993513268
2002-06	2002	06	-.07473043	-1.34172879956205	-1.42996433356064
2002-07	2002	07	-.08520663	-1.18924602976097	-1.34326061151478
2002-08	2002	08	.00498059	-1.2108337144154	-1.19076481173155
2002-09	2002	09	-.1090956	-1.14429677563087	-1.21235434110028
2002-10	2002	10	.0752842	-1.11205292746802	-1.14581171659056
2002-11	2002	11	.05782406	-1.19699516647331	-1.11356511312122
2002-12	2002	12	-.05925831	-1.17104614564572	-1.19851461062437
2003-01	2003	01	-.02600966	-1.16091789249384	-1.17256337239688
2003-02	2003	02	-.01906357	-1.05140006540159	-1.16243425376388
2003-03	2003	03	.01083025	-1.06463409698165	-1.05290706813667
2003-04	2003	04	.07892013	-1.1434569706142	-1.06614223059333
2003-05	2003	05	.0586892	-1.21882743386757	-1.14497183981074
2003-06	2003	06	.01408614	-1.29557060233464	-1.22034874363304
2003-07	2003	07	.02311442	-1.29009566565606	-1.29709846996968
2003-08	2003	08	.02311442	-1.2742582785205	-1.29162306544592
2003-09	2003	09	-.01236632	-1.30324323923416	-1.27578432497142
2003-10	2003	10	.05898325	-1.30700597490144	-1.30477176251259
2003-11	2003	11	.01340037	-1.30027789765578	-1.30853481971377
2003-12	2003	12	.04206822	-1.31824163505723	-1.30180616753938
2004-01	2004	01	.02125741	-1.36388029313748	-1.319771439981
2004-02	2004	02	.01389463	-1.36087517613421	-1.36541399798319
2004-03	2004	03	-.01337712	-1.32320480592012	-1.36240862418618
2004-04	2004	04	-.01845462	-1.32007013691886	-1.32473503495756
2004-05	2004	05	.01172393	-1.2687083391903	-1.32160009809206
2004-06	2004	06	.01841454	-1.29113081391983	-1.27023391138691
2004-07	2004	07	-.04150905	-1.24411769186057	-1.29265830216535
2004-08	2004	08	.0007988	-1.20811677467187	-1.24564116273323
2004-09	2004	09	.01595436	-1.23133621673935	-1.20963716918838
2004-10	2004	10	.01418323	-1.22385507668779	-1.23285859540734
2004-11	2004	11	.04433454	-1.28033363179901	-1.22537681607621
2004-12	2004	12	.03367189	-1.30845171563479	-1.28186019740199
2005-01	2005	01	-.02784003	-1.26981150887053	-1.30998068398878
2005-02	2005	02	.01869398	-1.27260653457912	-1.27133717533538
2005-03	2005	03	-.01975273	-1.24892771105962	-1.27413243988494
2005-04	2005	04	-.02639049	-1.19570778550958	-1.25045159295882
2005-05	2005	05	.03576534	-1.19641428984185	-1.19722711965115
2005-06	2005	06	.0055716	-1.20932838275653	-1.19793368435574
2005-07	2005	07	.03836087	-1.22047269585745	-1.21084888080756
2005-08	2005	08	-.01223809	-1.21045536136614	-1.22199414621412
2005-09	2005	09	.0047747	-1.20002186471631	-1.21197595571993
2005-10	2005	10	-.02014776	-1.14161214266907	-1.20154156750527
2005-11	2005	11	.0354522	-1.18045473232348	-1.14312685422107
2005-12	2005	12	-.00249514	-1.19303566216072	-1.1819727630587
2006-01	2006	01	.02984417	-1.19971884812674	-1.19455476796357
2006-02	2006	02	-.00299431	-1.18504660482475	-1.20123852502228
2006-03	2006	03	.0144414	-1.19224168249689	-1.1865650279454
2006-04	2006	04	.00714856	-1.18791156051274	-1.19376072045247
2006-05	2006	05	-.03619433	-1.16024292159503	-1.18943022845003
2006-06	2006	06	-.00349215	-1.10216606892551	-1.16175922518735
2006-07	2006	07	-.00779926	-1.09640606673777	-1.10367740972528
2006-08	2006	08	.02001348	-1.11473472446644	-1.09791691533291
2006-09	2006	09	.01815899	-1.13654944236297	-1.11624713928499
2006-10	2006	10	.03166155	-1.17141672231977	-1.13806372129629
2006-11	2006	11	.01688512	-1.18281341718291	-1.17293398073751
2006-12	2006	12	.00862801	-1.19639285204093	-1.18433164947285
2007-01	2007	01	.01394061	-1.19247932580526	-1.19791224472291
2007-02	2007	02	-.01961735	-1.20165059626768	-1.19399838406797
2007-03	2007	03	.00674807	-1.15075063206021	-1.20317043823527
2007-04	2007	04	.03415706	-1.19598413679518	-1.15226612451588
2007-05	2007	05	.03175804	-1.22926061978026	-1.19750349455156
2007-06	2007	06	-.01971498	-1.21973875118916	-1.23078282108401
2007-07	2007	07	-.03796254	-1.21136337450909	-1.22126013882867
2007-08	2007	08	.00911981	-1.13086579693811	-1.21288404645456
2007-09	2007	09	.03168951	-1.15923857771068	-1.13237959019165
2007-10	2007	10	.01778351	-1.18679914650844	-1.16075479547965
2007-11	2007	11	-.04922877	-1.09625415407275	-1.18831771938756
2007-12	2007	12	-.00861384	-1.09870852076976	-1.09776498968662
2008-01	2008	01	-.06546367	-0.974326977828039	-1.10021956611457
2008-02	2008	02	-.03134608	-0.933192333359776	-0.97582739450126
2008-03	2008	03	-.00942835	-0.871830758878852	-0.934689234988748
2008-04	2008	04	.04489434	-0.933010726022739	-0.873322417028703
2008-05	2008	05	.01839632	-0.965012158448936	-0.934507612132973
2008-06	2008	06	-.08801926	-0.878762770289319	-0.966511779150714
2008-07	2008	07	-.00771818	-0.757516505594973	-0.880255020794523
2008-08	2008	08	.01516457	-0.790141983081119	-0.758998395344886
2008-09	2008	09	-.09679906	-0.688399661049751	-0.791626660748576
2008-10	2008	10	-.18893812	-0.199213335026031	-0.689875644615958
2008-11	2008	11	-.08183544	0.0243775375592056	-0.20064751656371
2008-12	2008	12	.01644904	0.0266212837226095	0.0229624623446953
2009-01	2009	01	-.08468681	0.0273443396002778	0.0252064002410568
2009-02	2009	02	-.10634979	0.188919804634338	0.0259295179054122
2009-03	2009	03	.08570245	0.327717079129869	0.187518789912071
2009-04	2009	04	.09702671	-0.0457317942949888	0.326327924934602
2009-05	2009	05	.05078817	-0.253000978969176	-0.0471528605033892
2009-06	2009	06	.00429035	-0.363771297058701	-0.254439756777247
2009-07	2009	07	.07435792	-0.437253958886247	-0.365219540429791
2009-08	2009	08	.03265757	-0.645321515708019	-0.438708481509562
2009-09	2009	09	.03998573	-0.756734758157472	-0.646793818153629
2009-10	2009	10	-.02624131	-0.836180098428568	-0.758216581105377
2009-11	2009	11	.05410933	-0.907948092820518	-0.837668710152454
2009-12	2009	12	.02712599	-0.979935315041596	-0.909442837274592
2010-01	2010	01	-.03417745	-1.01181724838913	-0.98143621095935
2010-02	2010	02	.03343478	-0.972725484234974	-1.01332086868698
2010-03	2010	03	.06127729	-1.07621745969858	-0.974225764057107
2010-04	2010	04	.01980263	-1.1327027972059	-1.07772658313362
2010-05	2010	05	-.0821781	-1.03210678567418	-1.13421674743509
2010-06	2010	06	-.05719958	-0.966548993237542	-1.03361213975682
2010-07	2010	07	.06690424	-0.952829699762132	-0.968048745265174
2010-08	2010	08	-.04887016	-0.956386313363948	-0.954328279446493
2010-09	2010	09	.09111089	-1.00102802856319	-0.957885196968626
2010-10	2010	10	.03806247	-1.06196245338881	-1.00253072689889
2010-11	2010	11	.00598148	-1.08961279931142	-1.06347035870277
2010-12	2010	12	.06596861	-1.13496411156016	-1.09112306740718
2011-01	2011	01	.01989869	-1.16843072333973	-1.13647825502354
2011-02	2011	02	.03430143	-1.19697808099579	-1.16994772659739
2011-03	2011	03	.00478804	-1.16366770708469	-1.19849752368686
2011-04	2011	04	.02858746	-1.17497223890307	-1.16518430333233
2011-05	2011	05	-.01278133	-1.16371547022483	-1.17648980114738
2011-06	2011	06	-.01765494	-1.0853439512684	-1.16523207055393
2011-07	2011	07	-.02367813	-1.112596431751	-1.08685385458187
2011-08	2011	08	-.06186902	-0.91170393101061	-1.11410866384781
2011-09	2011	09	-.07904321	-0.875054856995548	-0.913198996409173
2011-10	2011	10	.1074184	-0.895506266012335	-0.876546790651549
2011-11	2011	11	-.00260339	-0.894860843530925	-0.896999947285425
2011-12	2011	12	.00737275	-0.890988776701114	-0.89635446965127
2012-01	2012	01	.04936143	-0.948898831417419	-0.892482071944982
2012-02	2012	02	.0433468	-0.995408307797105	-0.950397075200587
2012-03	2012	03	.03062619	-1.02090092148601	-0.996910525915522
2012-04	2012	04	-.00843548	-0.998310119840562	-1.02240531800335
2012-05	2012	05	-.06399872	-0.922780446503902	-0.999812585925088
2012-06	2012	06	.0380662	-0.879364415739632	-0.924276458414646
2012-07	2012	07	.00786896	-0.900863296176091	-0.880856717656739
2012-08	2012	08	.02527531	-0.930318793649388	-0.902357435218983
2012-09	2012	09	.02702867	-0.953660900660615	-0.931815449728183
2012-10	2012	10	-.01765315	-0.915224046404259	-0.955159551372889
2012-11	2012	11	.00766974	-0.828545303564191	-0.916719412604288
2012-12	2012	12	.01172976	-0.831928588555707	-0.830033262878359
2013-01	2013	01	.05429877	-0.88724974347254	-0.833416836978889
2013-02	2013	02	.01271877	-0.908750958904635	-0.88874271920794
2013-03	2013	03	.03950914	-0.936694451462355	-0.91024577196535
2013-04	2013	04	.01547957	-0.937997336342953	-0.938191652354886
2013-05	2013	05	.02771244	-0.990647679766535	-0.939494648569812
2013-06	2013	06	-.0121738	-0.949300040325238	-0.992149491079
2013-07	2013	07		-0.981476999146302	-0.950798318392574
2013-08	2013	08		-0.964229471249031	-0.982978026804294
2013-09	2013	09		-0.962821825707774	-0.965729025068497
2013-10	2013	10		-0.985583863248276	-0.964321259240887
2013-11	2013	11		-1.03570746944766	-0.987085241846678
2013-12	2013	12		-1.04834557186586	-1.03721313121651
2014-01	2014	01		-1.04239343409319	-1.04985231358787
2014-02	2014	02		-1.01887258558378	-1.04389966719217
2014-03	2014	03		-1.0411931270017	-1.02037680877543
2014-04	2014	04		-1.02482285677307	-1.04269925753185
2014-05	2014	05		-1.02997377931978	-1.02632758842825
2014-06	2014	06		-1.06136089191617	-1.03147895113242
